568 269
591 292
613 297
646 311
653 350
680 368
697 334
698 299
698 260
697 223
698 187
698 145
595 254
632 244
650 211
650 173
670 139
697 113
696 67
661 63
621 62
586 53
549 48
534 80
560 105
594 118
611 150
587 180
552 178
517 157
486 137
467 105
460 68
427 49
398 68
389 105
385 145
387 182
390 217
390 257
389 295
390 332
379 368
372 444
371 484
347 515
310 522
277 520
236 523
200 521
160 518
121 515
86 502
56 476
42 439
263 494
250 457
224 437
186 432
150 429
111 430
75 426
49 388
102 356
140 356
160 327
166 287
161 249
150 215
129 184
84 150
81 128
100 98
126 74
162 56
197 58
234 57
272 57
313 57
346 68
352 106
351 143
350 182
350 220
350 259
349 297
350 335
335 364
310 342
295 314
270 293
268 256
270 218
269 182
243 165
206 165
186 138
219 134
252 117
233 87
197 91
163 108
136 134
103 160
79 182
54 213
40 249
41 287
43 325
74 390
113 397
151 396
189 393
228 394
265 401
288 434
293 472
320 490
328 459
321 423
336 391
388 400
413 400
443 422
445 460
444 497
447 536
480 549
514 549
555 550
588 538
598 500
601 464
597 409
