568 295
593 301
633 299
649 331
663 364
695 356
696 316
697 279
697 239
695 204
697 168
703 135
614 253
648 227
648 189
659 154
683 128
698 90
678 61
638 64
601 62
567 48
534 60
545 96
578 111
606 132
601 170
567 182
533 169
502 147
474 127
703 135
462 88
444 56
411 54
390 87
385 124
385 163
391 203
389 241
391 316
385 351
374 411
370 468
361 502
326 519
290 523
254 521
217 522
176 520
137 515
101 505
69 489
44 459
43 418
255 479
240 440
204 431
168 427
129 428
92 428
74 417
76 368
119 358
158 347
162 311
162 270
156 229
141 198
115 169
84 143
87 111
115 83
147 60
181 56
215 58
254 57
296 58
332 57
353 88
351 128
354 161
351 205
349 241
351 280
349 317
348 354
317 360
311 321
274 313
268 277
268 233
270 195
260 166
222 166
183 158
203 129
237 129
249 98
212 89
180 101
149 124
119 149
93 174
67 197
47 232
44 270
47 308
48 347
93 396
130 395
169 396
209 394
248 397
275 417
291 450
299 493
333 475
325 440
320 401
345 396
397 397
432 412
445 443
446 481
442 517
461 544
497 551
533 549
574 549
596 519
602 480
601 446
563 411