568 281
599 293
623 300
650 320
657 356
688 363
696 325
696 290
698 250
696 213
697 178
603 254
640 236
648 202
655 164
679 135
693 137
699 102
688 62
650 64
610 63
576 50
542 53
540 88
569 108
599 125
608 160
577 181
542 173
511 153
478 134
465 99
454 63
418 52
395 77
388 115
386 153
388 192
389 227
389 268
390 305
390 342
375 392
373 454
366 493
339 519
299 522
266 521
226 523
190 521
149 519
109 512
78 497
50 470
42 431
259 487
247 450
216 434
178 431
141 428
103 431
64 422
60 374
110 357
149 352
159 321
168 278
159 240
146 208
122 179
95 146
83 120
106 92
133 68
171 57
204 58
245 56
285 58
321 57
349 77
353 117
352 152
351 194
351 231
351 270
348 306
347 344
326 364
311 334
285 312
271 285
268 244
271 207
268 172
232 165
194 164
192 130
225 129
250 107
222 85
185 90
154 115
128 137
91 165
68 187
45 220
41 259
43 298
45 336
84 394
121 397
161 397
198 393
239 397
271 407
291 442
296 480
329 484
326 450
321 413
348 389
390 390
420 404
445 432
446 472
443 507
450 542
488 553
524 554
565 550
594 527
600 490
602 454
581 410